x <- c(
  1.66262411, -3.57209779, 3.22092708, 6.78062854, -3.52794948, 3.12159583, 2.44271067, 0.33959804,
  -1.88126168, 8.06987748, 12.38069344, 22.88313763, 0.61675031, 6.40122978, -1.08842921, 9.04620928,
  -1.44229621, 1.53796521, 2.73989771, -0.33131474, 3.25273547, 3.72543893, 8.03306869, 13.09256595,
  -4.63578693, 1.65053431, 0.56604282, 7.87117137, 1.93690091, 10.73422768, 6.67030053, 2.67799575,
  7.01574699, 3.46440636, 3.77206532, 0.45465621, -0.5456866, 5.44506589, 2.40149735, 4.42798875,
  7.40144344, 14.23325317, -2.33730628, 3.45645966, 2.1465627, -2.26575838, 0.06624081, 1.22626495,
  0.33102699, 3.73139922, 13.60004661, -1.15936407, 2.9304928, 2.52585809, 3.06778328, 4.08689693,
  1.32014967, 4.2430561, 8.59399287, 10.85234764, -2.37094107, 3.62792372, -1.26897849, 8.57532299,
  7.77412183, 5.01135252, 17.57853688, -3.1961109, 4.58745067, -2.97950689, 5.26648774, -2.10075287,
  0.36931894, 4.44551528, 0.9157366, 4.37114844, 13.39167655, 0.01553259, -1.48210039, -0.85429896,
  2.53327175, 1.43714498, 2.63794202, -0.21068054, 15.5297812, 5.69659514, 19.57535321, 22.96828859,
  3.27544303, -0.5389058, -0.33078662, 9.79783372, 7.49479144, 2.39673587, 3.11867383, -1.14538679,
  -1.75050878, 16.32113889, 9.9715126, 3.04943694
)